775 1000
[ 0.0, 0.0, 0.0 ]
[ 775.0, 0.0, 0.0 ]
[ 775.0, 1000.0, 0.0 ]
[ 0.0, 1000.0, 0.0 ]
[ 130.0, 176.0, 0.0 ]
[ 154.0, 117.0, 0.0 ]
[ 277.0, 77.0, 0.0 ]
[ 371.0, 69.0, 0.0 ]
[ 487.0, 78.0, 0.0 ]
[ 592.0, 112.0, 0.0 ]
[ 621.0, 187.0, 0.0 ]
[ 574.0, 324.0, 0.0 ]
[ 478.0, 356.0, 0.0 ]
[ 318.0, 356.0, 0.0 ]
[ 223.0, 344.0, 0.0 ]
[ 175.0, 320.0, 0.0 ]
[ 194.0, 356.0, 0.0 ]
[ 222.0, 472.0, 0.0 ]
[ 242.0, 575.0, 0.0 ]
[ 246.0, 696.0, 0.0 ]
[ 274.0, 728.0, 0.0 ]
[ 359.0, 740.0, 0.0 ]
[ 438.0, 741.0, 0.0 ]
[ 481.0, 728.0, 0.0 ]
[ 510.0, 689.0, 0.0 ]
[ 519.0, 565.0, 0.0 ]
[ 533.0, 454.0, 0.0 ]
[ 567.0, 329.0, 0.0 ]
[ 444.0, 426.0, 0.0 ]
[ 440.0, 602.0, 0.0 ]
[ 432.0, 698.0, 0.0 ]
[ 345.0, 698.0, 0.0 ]
[ 345.0, 559.0, 0.0 ]
[ 338.0, 444.0, 0.0 ]
[ 253.0, 226.0, 0.0 ]
[ 314.0, 145.0, 0.0 ]
[ 482.0, 146.0, 0.0 ]
[ 512.0, 224.0, 0.0 ]
[ 385.0, 218.0, 0.0 ]
[ 281.0, 758.0, 0.0 ]
[ 284.0, 793.0, 0.0 ]
[ 282.0, 820.0, 0.0 ]
[ 283.0, 848.0, 0.0 ]
[ 293.0, 867.0, 0.0 ]
[ 324.0, 884.0, 0.0 ]
[ 340.0, 897.0, 0.0 ]
[ 422.0, 906.0, 0.0 ]
[ 446.0, 881.0, 0.0 ]
[ 471.0, 856.0, 0.0 ]
[ 479.0, 732.0, 0.0 ]
[ 370.0, 793.0, 0.0 ]
[ 298.0, 780.0, 0.0 ]
[ 428.0, 790.0, 0.0 ]
[ 425.0, 817.0, 0.0 ]
[ 345.0, 821.0, 0.0 ]
[ 310.0, 818.0, 0.0 ]
[ 312.0, 844.0, 0.0 ]
[ 367.0, 846.0, 0.0 ]
[ 445.0, 847.0, 0.0 ]
[ 410.0, 864.0, 0.0 ]
[ 314.0, 877.0, 0.0 ]
[ 304.0, 624.0, 0.0 ]
[ 294.0, 496.0, 0.0 ]
[ 288.0, 394.0, 0.0 ]
[ 275.0, 351.0, 0.0 ]
[ 398.0, 355.0, 0.0 ]
[ 525.0, 339.0, 0.0 ]
[ 553.0, 274.0, 0.0 ]
[ 421.0, 285.0, 0.0 ]
[ 262.0, 281.0, 0.0 ]
[ 142.0, 239.0, 0.0 ]
[ 211.0, 92.0, 0.0 ]
[ 540.0, 91.0, 0.0 ]
[ 618.0, 152.0, 0.0 ]
[ 576.0, 189.0, 0.0 ]
[ 377.0, 775.0, 0.0 ]
[ 278.0, 662.0, 0.0 ]
[ 300.0, 718.0, 0.0 ]
[ 429.0, 723.0, 0.0 ]
[ 464.0, 695.0, 0.0 ]
[ 212.0, 405.0, 0.0 ]
[ 452.0, 525.0, 0.0 ]
[ 395.0, 482.0, 0.0 ]
[ 386.0, 382.0, 0.0 ]
[ 359.0, 356.0, 0.0 ]
[ 332.0, 275.0, 0.0 ]
[ 226.0, 156.0, 0.0 ]
[ 409.0, 166.0, 0.0 ]
[ 471.0, 121.0, 0.0 ]
[ 381.0, 104.0, 0.0 ]
[ 302.0, 103.0, 0.0 ]
[ 245.0, 103.0, 0.0 ]
[ 169.0, 177.0, 0.0 ]
[ 175.0, 212.0, 0.0 ]
[ 190.0, 243.0, 0.0 ]
[ 205.0, 290.0, 0.0 ]
[ 229.0, 311.0, 0.0 ]
[ 257.0, 626.0, 0.0 ]
[ 247.0, 516.0, 0.0 ]
[ 271.0, 462.0, 0.0 ]
[ 252.0, 388.0, 0.0 ]
[ 502.0, 390.0, 0.0 ]
[ 491.0, 472.0, 0.0 ]
[ 488.0, 529.0, 0.0 ]
[ 480.0, 592.0, 0.0 ]
[ 481.0, 636.0, 0.0 ]
[ 382.0, 626.0, 0.0 ]
[ 387.0, 508.0, 0.0 ]
[ 362.0, 480.0, 0.0 ]
[ 364.0, 426.0, 0.0 ]
[ 358.0, 399.0, 0.0 ]
[ 330.0, 235.0, 0.0 ]
[ 289.0, 192.0, 0.0 ]
[ 450.0, 259.0, 0.0 ]
[ 466.0, 311.0, 0.0 ]
[ 330.0, 313.0, 0.0 ]
[ 448.0, 194.0, 0.0 ]
[ 183.0, 132.0, 0.0 ]
[ 566.0, 133.0, 0.0 ]
[ 454.0, 95.0, 0.0 ]
[ 560.0, 231.0, 0.0 ]
[ 420.0, 70.0, 0.0 ]
[ 188.0, 331.0, 0.0 ]
[ 189.0, 342.0, 0.0 ]
[ 553.0, 338.0, 0.0 ]
[ 552.0, 377.0, 0.0 ]
[ 595.0, 274.0, 0.0 ]
[ 612.0, 227.0, 0.0 ]
[ 161.0, 280.0, 0.0 ]
[ 141.0, 138.0, 0.0 ]
[ 343.0, 928.0, 0.0 ]
[ 321.0, 946.0, 0.0 ]
[ 294.0, 969.0, 0.0 ]
[ 279.0, 985.0, 0.0 ]
[ 493.0, 988.0, 0.0 ]
[ 502.0, 993.0, 0.0 ]
[ 215.0, 917.0, 0.0 ]
[ 146.0, 919.0, 0.0 ]
[ 131.0, 840.0, 0.0 ]
[ 121.0, 700.0, 0.0 ]
[ 108.0, 545.0, 0.0 ]
[ 90.0, 323.0, 0.0 ]
[ 76.0, 154.0, 0.0 ]
[ 73.0, 75.0, 0.0 ]
[ 227.0, 43.0, 0.0 ]
[ 514.0, 44.0, 0.0 ]
[ 631.0, 47.0, 0.0 ]
[ 698.0, 91.0, 0.0 ]
[ 688.0, 236.0, 0.0 ]
[ 684.0, 540.0, 0.0 ]
[ 666.0, 686.0, 0.0 ]
[ 650.0, 807.0, 0.0 ]
[ 641.0, 876.0, 0.0 ]
[ 678.0, 958.0, 0.0 ]
[ 250.0, 81.0, 0.0 ]
[ 332.0, 70.0, 0.0 ]
[ 177.0, 103.0, 0.0 ]
[ 458.0, 74.0, 0.0 ]
[ 513.0, 86.0, 0.0 ]
[ 566.0, 99.0, 0.0 ]
[ 533.0, 148.0, 0.0 ]
[ 377.0, 137.0, 0.0 ]
[ 424.0, 139.0, 0.0 ]
[ 257.0, 135.0, 0.0 ]
[ 365.0, 184.0, 0.0 ]
[ 372.0, 267.0, 0.0 ]
[ 508.0, 181.0, 0.0 ]
[ 579.0, 168.0, 0.0 ]
[ 506.0, 291.0, 0.0 ]
[ 498.0, 257.0, 0.0 ]
[ 419.0, 317.0, 0.0 ]
[ 366.0, 320.0, 0.0 ]
[ 244.0, 664.0, 0.0 ]
[ 241.0, 605.0, 0.0 ]
[ 233.0, 532.0, 0.0 ]
[ 217.0, 489.0, 0.0 ]
[ 211.0, 438.0, 0.0 ]
[ 196.0, 373.0, 0.0 ]
[ 229.0, 551.0, 0.0 ]
[ 240.0, 649.0, 0.0 ]
[ 270.0, 566.0, 0.0 ]
[ 287.0, 548.0, 0.0 ]
[ 271.0, 501.0, 0.0 ]
[ 237.0, 435.0, 0.0 ]
[ 262.0, 422.0, 0.0 ]
[ 372.0, 513.0, 0.0 ]
[ 317.0, 474.0, 0.0 ]
[ 318.0, 549.0, 0.0 ]
[ 315.0, 595.0, 0.0 ]
[ 344.0, 613.0, 0.0 ]
[ 243.0, 684.0, 0.0 ]
[ 511.0, 671.0, 0.0 ]
[ 514.0, 622.0, 0.0 ]
[ 514.0, 597.0, 0.0 ]
[ 515.0, 575.0, 0.0 ]
[ 516.0, 546.0, 0.0 ]
[ 518.0, 513.0, 0.0 ]
[ 523.0, 493.0, 0.0 ]
[ 524.0, 468.0, 0.0 ]
[ 531.0, 418.0, 0.0 ]
[ 538.0, 399.0, 0.0 ]
[ 550.0, 382.0, 0.0 ]
[ 560.0, 345.0, 0.0 ]
[ 551.0, 406.0, 0.0 ]
[ 540.0, 443.0, 0.0 ]
[ 538.0, 471.0, 0.0 ]
[ 531.0, 510.0, 0.0 ]
[ 526.0, 557.0, 0.0 ]
[ 521.0, 600.0, 0.0 ]
[ 519.0, 639.0, 0.0 ]
[ 519.0, 664.0, 0.0 ]
[ 459.0, 159.0, 0.0 ]
[ 320.0, 87.0, 0.0 ]
[ 283.0, 707.0, 0.0 ]
[ 307.0, 711.0, 0.0 ]
[ 349.0, 714.0, 0.0 ]
[ 385.0, 717.0, 0.0 ]
[ 405.0, 719.0, 0.0 ]
[ 421.0, 716.0, 0.0 ]
[ 455.0, 714.0, 0.0 ]
[ 472.0, 712.0, 0.0 ]
[ 483.0, 706.0, 0.0 ]
[ 494.0, 699.0, 0.0 ]
[ 288.0, 736.0, 0.0 ]
[ 309.0, 738.0, 0.0 ]
[ 320.0, 739.0, 0.0 ]
[ 356.0, 742.0, 0.0 ]
[ 370.0, 743.0, 0.0 ]
[ 408.0, 743.0, 0.0 ]
[ 442.0, 743.0, 0.0 ]
[ 464.0, 738.0, 0.0 ]
[ 471.0, 734.0, 0.0 ]
[ 440.0, 714.0, 0.0 ]
[ 387.0, 697.0, 0.0 ]
[ 322.0, 696.0, 0.0 ]
[ 294.0, 696.0, 0.0 ]
[ 272.0, 693.0, 0.0 ]
[ 261.0, 705.0, 0.0 ]
[ 267.0, 721.0, 0.0 ]
[ 333.0, 739.0, 0.0 ]
[ 406.0, 742.0, 0.0 ]
[ 420.0, 742.0, 0.0 ]
[ 494.0, 708.0, 0.0 ]
[ 503.0, 703.0, 0.0 ]
[ 461.0, 559.0, 0.0 ]
[ 471.0, 482.0, 0.0 ]
[ 470.0, 440.0, 0.0 ]
[ 470.0, 405.0, 0.0 ]
[ 454.0, 356.0, 0.0 ]
[ 422.0, 355.0, 0.0 ]
[ 511.0, 349.0, 0.0 ]
[ 543.0, 331.0, 0.0 ]
[ 356.0, 903.0, 0.0 ]
[ 370.0, 909.0, 0.0 ]
[ 376.0, 911.0, 0.0 ]
[ 389.0, 911.0, 0.0 ]
[ 415.0, 907.0, 0.0 ]
[ 421.0, 899.0, 0.0 ]
[ 426.0, 893.0, 0.0 ]
[ 432.0, 889.0, 0.0 ]
[ 458.0, 873.0, 0.0 ]
[ 464.0, 867.0, 0.0 ]
[ 324.0, 887.0, 0.0 ]
[ 281.0, 842.0, 0.0 ]
[ 283.0, 808.0, 0.0 ]
[ 281.0, 780.0, 0.0 ]
[ 276.0, 756.0, 0.0 ]
[ 334.0, 911.0, 0.0 ]
[ 343.0, 915.0, 0.0 ]
[ 367.0, 915.0, 0.0 ]
[ 384.0, 915.0, 0.0 ]
[ 478.0, 751.0, 0.0 ]
[ 475.0, 771.0, 0.0 ]
[ 482.0, 790.0, 0.0 ]
[ 478.0, 802.0, 0.0 ]
[ 479.0, 820.0, 0.0 ]
[ 475.0, 831.0, 0.0 ]
[ 475.0, 842.0, 0.0 ]
[ 471.0, 850.0, 0.0 ]
[ 399.0, 759.0, 0.0 ]
[ 366.0, 765.0, 0.0 ]
[ 344.0, 762.0, 0.0 ]
[ 348.0, 793.0, 0.0 ]
[ 343.0, 811.0, 0.0 ]
[ 334.0, 836.0, 0.0 ]
[ 338.0, 845.0, 0.0 ]
[ 341.0, 859.0, 0.0 ]
[ 342.0, 872.0, 0.0 ]
[ 382.0, 880.0, 0.0 ]
[ 411.0, 869.0, 0.0 ]
[ 456.0, 840.0, 0.0 ]
[ 447.0, 832.0, 0.0 ]
[ 449.0, 810.0, 0.0 ]
[ 445.0, 789.0, 0.0 ]
[ 446.0, 776.0, 0.0 ]
[ 446.0, 760.0, 0.0 ]
[ 308.0, 754.0, 0.0 ]
[ 311.0, 776.0, 0.0 ]
[ 321.0, 800.0, 0.0 ]
[ 317.0, 810.0, 0.0 ]
[ 314.0, 829.0, 0.0 ]
[ 314.0, 847.0, 0.0 ]
[ 319.0, 862.0, 0.0 ]
[ 329.0, 872.0, 0.0 ]
[ 375.0, 888.0, 0.0 ]
[ 413.0, 891.0, 0.0 ]
[ 465.0, 894.0, 0.0 ]
[ 443.0, 898.0, 0.0 ]
[ 434.0, 905.0, 0.0 ]
[ 386.0, 906.0, 0.0 ]
[ 362.0, 905.0, 0.0 ]
[ 345.0, 905.0, 0.0 ]
[ 304.0, 901.0, 0.0 ]
[ 281.0, 890.0, 0.0 ]
[ 269.0, 880.0, 0.0 ]
[ 260.0, 869.0, 0.0 ]
[ 75.0, 242.0, 0.0 ]
